ZIII = -0.096022
ZZII = -0.206128
IZII = 0.364746
IIZI = 0.096022
IIZZ = -0.206128
IIIZ = -0.364746
ZIZI = -0.145438
ZIZZ = 0.056040
ZIIZ = 0.110811
ZZZI = -0.056040
ZZZZ = 0.080334
ZZIZ = 0.063673
IZZI = 0.110811
IZZZ = -0.063673
IZIZ = -0.095216
XZII = -0.012585
XIII = 0.012585
IIXZ = 0.012585
IIXI = 0.012585
XZXZ = -0.002667
XZXI = -0.002667
XIXZ = 0.002667
XIXI = 0.002667
XZIZ = 0.007265
XIIZ = -0.007265
IZXZ = 0.007265
IZXI = 0.007265
XXII = -0.029640
IXII = 0.002792
IIXX = -0.029640
IIIX = 0.002792
XIXX = -0.008195
XIIX = -0.001271
XXXI = -0.008195
XXXX = 0.028926
XXIX = 0.007499
IXXI = -0.001271
IXXX = 0.007499
IXIX = 0.009327
YYII = 0.029640
IIYY = 0.029640
YYYY = 0.028926
ZXII = 0.002792
IIZX = -0.002792
ZIZX = -0.016781
ZIIX = 0.016781
ZXZI = -0.016781
IXZI = -0.016781
ZXZX = -0.009327
ZXIX = 0.009327
IXZX = -0.009327
ZIXZ = -0.011962
ZIXI = -0.011962
ZZXZ = 0.000247
ZZXI = 0.000247
ZIXX = 0.039155
ZZXX = -0.002895
ZZIX = -0.009769
IZXX = -0.024280
IZIX = -0.008025
ZIYY = -0.039155
ZZYY = 0.002895
IZYY = 0.024280
XZZI = -0.011962
XIZI = 0.011962
XZZZ = -0.000247
XIZZ = 0.000247
XZXX = 0.008195
XZIX = 0.001271
XZYY = -0.008195
XIYY = 0.008195
XZZX = -0.001271
XIZX = 0.001271
IZZX = 0.008025
XXZI = -0.039155
XXZZ = -0.002895
XXIZ = 0.024280
IXZZ = -0.009769
IXIZ = 0.008025
YYZI = 0.039155
YYZZ = 0.002895
YYIZ = -0.024280
XXXZ = -0.008195
IXXZ = -0.001271
YYXZ = 0.008195
YYXI = 0.008195
XXYY = -0.028926
IXYY = -0.007499
YYXX = -0.028926
YYIX = -0.007499
XXZX = -0.007499
YYZX = 0.007499
ZZZX = 0.009769
ZXXZ = -0.001271
ZXXI = -0.001271
ZXIZ = 0.008025
ZXXX = 0.007499
ZXYY = -0.007499
ZXZZ = -0.009769

